  33 320 260
  34   5   1
  49  16  15
  51  13  12
  53  41  36
  54  40  55
  57   0  70
  58  60  64
  61 264 270
  65   0 100
  66  60  54
  67 100  15
  69  55 272
  70  56  60
  71 240 300
  72 343 341
  73  54 263
  74  60  41
  75 200 101
  76 345 343
  77 272  40
  78  40  76
  79 300  16
  80 341 343
  81   5  74
  82  74  40
  83 240 200
  84 343 345
  85 243 331
  86  54  70
  87 240 100
  89 270 224
  90  60  40
  91 300 240
  92 341 343
  93 341  24
  94  41  60
  95 101 200
  96 343 345
  97 330 130
 101  74 274
 102  40  41
 103 200 300
 104 345 341
 105 144  54
 109 274 276
 110  60  61
 113 207  44
 117 274 260
 118  41  42
 121  22   5
 125 276 262
 126  60  62
 129 300   4
 130  77  60
 131   5 240
 133 276 260
 134  41  40
 137  73 264
 138  64  62
 139 100 300
 140 343 341
 141  10   0
 142  40  60
 145  24 266
 146  60  42
 147 200 300
 148 345 341
 149 262 264
 150  42  60
 153  12 262
 155 240 300
 156 343 341
 157   1 274
 158  40  60
 159 240 300
 160 343 341
 161 260 276
 162  62  60
 165 260  70
 166  40  60
 168 341 345
 169   6  71
 171 240 300
 172 343 345
 173 262  72
 174  40  60
 176 341 345
 177 264  73
 178  62  60
 180 341 345
 181   2 103
 183 240 300
 184 343 345
 185 266 102
 186  62  60
 188 341 345
 189   0 101
 191 240 300
 192 343 345
 193  70 104
 197  71 105
 201  72  36
 202  60 377
 203 300  57
 204 345 341
 205  73   6
 206  60   5
 207 300 240
 208 345 343
 209 103  36
 210  60 377
 211 300  57
 212 345 341
 213 102   0
 214  60   0
 215 300   0
 216 345   0
 217 101 260
 218  60 260
 219 300 260
 220 345 200
 221 104 230
 222  60   0
 223 300   0
 224 345   0
 225 105 260
 226  60 260
 227 300 260
 228 345 200
 229  36   0
 230 377 107
 231  57 103
 232 341 103
 233  13  72
 234   6  40
 235 240  50
 236 343 125
 237  36 142
 238 377 165
 239  57 156
 240 341 164
 241   0 165
 242   0  57
 243   0 114
 244   0 151
 245   1 156
 246   1 141
 247   1 162
 248   0 157
 249   2  40
 250   2  64
 251   2  56
 252   0  67
 253   3  56
 254   3  63
 255   3  55
 256   0  61
 257   4 165
 258   4 142
 259   4 165
 260   0 156
 261   5 164
 262   5 165
 263   5  61
 264   0  51
 265   6  40
 266   6  64
 267   6  56
 268   0  67
 269   7  56
 270   7  63
 271   7   0
 272   0 101
 273  10  56
 274  10   0
 275  10   0
 277  11 141
 278  11 145
 279  11 141
 280   0 142
 281  12 151
 282  12   0
 283  12   1
 284   0  44
 285  13   0
 286  13   0
 287  13   0
 288   0   5
 289  14  67
 290  14  55
 291  14 101
 293  15   6
 294  15  12
 295  15   7
 296   0 101
 297  16  10
 298  16   1
 299  16  11
 300   0   2
 301  17  22
 302  17   4
 303  17  24
 304   0   1
 305  20  25
 306  20   1
 307  20  27
 308   0   3
 309  21  30
 310  21   1
 311  21  31
 312   0   1
 313  22  32
 314  22   2
 315  22  36
 316   0   2
 317  23  42
 318  23   1
 319  23   0
 320   0  56
 321  24 163
 322  24 171
 323  24 155
 324   0 164
 325  25 141
 326  25 142
 327  25   0
 328   0  56
 329  26 163
 330  26 164
 331  26 162
 332   0 164
 333  27 141
 334  27 142
 335  27   0
 336   0  56
 337  30 163
 338  30 150
 339  30 163
 340   0 164
 341  31 162
 342  31 164
 343  31 141
 344   0 142
 345  32   0
 346  32  56
 347  32 164
 348   0 145
 349  33 170
 350  33 164
 351  33   0
 352   0  56
 353  34 144
 354  34 141
 355  34 164
 356   0 141
 357  35   0
 358  35  56
 359  35 142
 360   0 163
 361  36 163
 362  36   0
 363  36  56
 364   0 101
 365  37 122
 366  37 115
 367  37  56
 368   0 145
 369  40 170
 370  40 164
 371  40 141
 372   0 142
 373  41   0
 374  41  56
 375  41 162
 376   0 145
 377  42 154
 378  42  56
 379  42 101
 380   0 122
 381  43 115
 382  43  56
 383  43 145
 384   0 170
 385  44 151
 386  44 144
 387  44 170
 389  45  56
 390  45 143
 391  45 157
 392   0 155
 393  46 155
 394  46 145
 395  46 156
 396   0 164
 397  47   0
 398  47  56
 399  47 156
 400   0 157
 401  50 164
 402  50 145
 403  50  56
 404   0 107
 405  51 116
 406  51 125
 407  51  55
 408   0 163
 409  52 164
 410  52 141
 411  52 143
 412   0 153
 413  53   0
 414  53  56
 415  53 101
 416   0 122
 417  54 115
 418  54  56
 419  54 141
 420   0 164
 421  55 164
 422  55 162
 423  55 151
 424   0 142
 425  56 165
 426  56 164
 427  56 145
 428   0 163
 429  57   0
 430  57   0
 431  57   0
 433  60   0
 434  60   0
 435  60   0
 437  61   0
 438  61   0
 439  61   0
 441  62   0
 442  62   0
 443  62   0
 445  63   0
 446  63   0
 447  63   0
 449  64   0
 450  64   0
 451  64   0
 453  65   0
 454  65   0
 455  65   0
 457  66   0
 458  66   0
 459  66   0
 461  67   0
 462  67   0
 463  67   0
 465  70   0
 466  70   0
 467  70   0
 469  71   0
 470  71   0
 471  71   0
 473  72  33
 474  72   0
 475  72   0
 477  73   1
 478  73   0
 479  73   0
 481  74   6
 482  74   0
 483  74   0
 485  75   0
 486  75   0
 487  75   0
 489  76  64
 490  76   0
 491  76   0
 493  77 240
 494  77   0
 495  77   0
 497 100   0
 498 100   0
 499 100   0
 501 101   0
 502 101   0
 503 101   0
 505 102   4
 506 102   0
 507 102   0
 509 103   0
 510 103   0
 511 103   0
 513 104  41
 514 104   0
 515 104   0
 517 105   1
 518 105   0
 519 105   0
 521 106   3
 522 106   0
 523 106   0
 525 107   0
 526 107   0
 527 107   0
 529 110 324
 530 110   0
 531 110   0
 533 111   0
 534 111   0
 535 111   0
 537 112   0
 538 112   0
 539 112   0
 541 113   0
 542 113   0
 543 113   0
 545 114   1
 546 114   0
 547 114   0
 549 115   0
 550 115   0
 551 115   0
 553 116  47
 554 116   0
 555 116   0
 557 117  10
 558 117   0
 559 117   0
 561 120   3
 562 120   0
 563 120   0
 565 121   0
 566 121   0
 567 121   0
 569 122 324
 570 122   0
 571 122   0
 573 123   0
 574 123   0
 575 123   0
 577 124   0
 578 124   0
 579 124   0
 581 125   0
 582 125   0
 583 125   0
 585 126   1
 586 126   0
 587 126   0
 589 127   0
 590 127   0
 591 127   0
 593 130  54
 594 130   0
 595 130   0
 597 131   1
 598 131   0
 599 131   0
 601 132   2
 602 132   0
 603 132   0
 605 133   0
 606 133   0
 607 133   0
 609 134 324
 610 134   0
 611 134   0
 613 135   0
 614 135   0
 615 135   0
 617 136   0
 618 136   0
 619 136   0
 621 137   0
 622 137   0
 623 137   0
 625 140   1
 626 140   0
 627 140   0
 629 141   0
 630 141   0
 631 141   0
 633 142  73
 634 142   0
 635 142   0
 637 143   1
 638 143   0
 639 143   0
 640   0 160
 641 144 202
 642 144   0
 643 144   0
 645 145   0
 646 145   0
 647 145   0
 649 146 324
 650 146   0
 651 146   0
 653 147  20
 654 147   0
 655 147   0
 657 150   1
 658 150   0
 659 150   0
 661 151   0
 662 151   0
 663 151   0
 665 152   4
 666 152   0
 667 152   0
 669 153   0
 670 153   0
 671 153   0
 673 154  67
 674 154   0
 675 154   0
 677 155  11
 678 155   0
 679 155   0
 681 156   0
 682 156   0
 683 156   0
 685 157   0
 686 157   0
 687 157   0
 689 160 354
 690 160   4
 691 160   0
 693 161  30
 694 161   0
 695 161   0
 697 162  13
 698 162   0
 699 162   0
 701 163   5
 702 163   0
 703 163   0
 705 164   4
 706 164   0
 707 164   0
 709 165  10
 710 165   0
 711 165   0
 713 166 106
 714 166   0
 715 166   0
 717 167   1
 718 167   0
 719 167   0
 721 170  60
 722 170   0
 723 170   0
 725 171   0
 726 171   0
 727 171   0
 729 172 344
 730 172   0
 731 172   0
 733 173  53
 734 173   0
 735 173   0
 737 174   0
 738 174   0
 739 174   0
 741 175   0
 742 175   0
 743 175   0
 745 176   1
 746 176   0
 747 176   0
 749 177   1
 750 177   0
 751 177   0
 753 200 117
 754 200   0
 755 200   0
 757 201   1
 758 201   0
 759 201   0
 761 202   0
 762 202   0
 763 202   0
 765 203   0
 766 203   0
 767 203   0
 769 204  17
 770 204   1
 771 204   0
 773 205   0
 774 205   0
 775 205   0
 777 206   0
 778 206   0
 779 206   0
 781 207   0
 782 207   0
 783 207   0
 785 210   1
 786 210   0
 787 210   0
 789 211   0
 790 211   0
 791 211   0
 793 212 137
 794 212   0
 795 212   0
 797 213   3
 798 213   0
 799 213   0
 800   0 160
 801 214   0
 802 214   0
 803 214   0
 805 215   0
 806 215   0
 807 215   0
 809 216  17
 810 216   1
 811 216   0
 813 217  57
 814 217   0
 815 217   0
 817 220   0
 818 220   0
 819 220   0
 821 221   0
 822 221   0
 823 221   0
 825 222   1
 826 222   0
 827 222   0
 829 223   0
 830 223   0
 831 223   0
 833 224  21
 834 224   0
 835 224   0
 837 225   3
 838 225   0
 839 225   0
 841 226   0
 842 226   0
 843 226   0
 845 227   0
 846 227   0
 847 227   0
 849 230  76
 850 230   1
 851 230   0
 853 231 157
 854 231   0
 855 231   0
 857 232   0
 858 232   0
 859 232   0
 861 233   0
 862 233   0
 863 233   0
 865 234   1
 866 234   0
 867 234   0
 869 235   0
 870 235   0
 871 235   0
 873 236   1
 874 236   0
 875 236   0
 877 237   2
 878 237   0
 879 237   0
 881 240   0
 882 240   0
 883 240   0
 885 241   0
 886 241   0
 887 241   0
 889 242 270
 890 242   3
 891 242   0
 893 243 360
 894 243   0
 895 243   0
 897 244  14
 898 244   0
 899 244   0
 901 245  14
 902 245   0
 903 245   0
 905 246   4
 906 246   0
 907 246   0
 909 247  20
 910 247   0
 911 247   0
 913 250  11
 914 250   0
 915 250   0
 917 251   3
 918 251   0
 919 251   0
 921 252   0
 922 252   0
 923 252   0
 925 253   0
 926 253   0
 927 253   0
 929 254 250
 930 254   4
 931 254   0
 933 255 103
 934 255   0
 935 255   0
 937 256   0
 938 256   0
 939 256   0
 941 257   0
 942 257   0
 943 257   0
 945 260   1
 946 260   0
 947 260   0
 949 261   0
 950 261   0
 951 261   0
 953 262   0
 954 262   0
 955 262   0
 957 263   0
 958 263   0
 959 263   0
 961 264   0
 962 264   0
 963 264   0
 965 265   0
 966 265   0
 967 265   0
 969 266   1
 970 266   0
 971 266   0
 973 267   0
 974 267   0
 975 267   0
 977 270   0
 978 270   0
 979 270   0
 981 271   4
 982 271   0
 983 271 361
 984   0 377
 985 272   0
 986 272   0
 987 272   0
 989 273   0
 990 273   0
 991 273   0
 993 274   0
 994 274   0
 995 274   0
 997 275   3
 998 275   0
 999 275   1
1001 276   0
1002 276   0
1003 276   0
1005 277   0
1006 277   0
1007 277   0
1009 300   0
1010 300   0
1011 300   0
1013 301   3
1014 301   0
1015 301   2
1017 302   0
1018 302   0
1019 302   0
1021 303   0
1022 303   0
1023 303   0
1025 304   0
1026 304   0
1027 304   0
1029 305   3
1030 305   0
1031 305   3
1033 306  15
1034 306   0
1035 306   0
1037 307   0
1038 307   0
1039 307   0
1041 310   0
1042 310   0
1043 310   0
1045 311   0
1046 311   0
1047 311   1
1049 312   0
1050 312   0
1051 312   0
1053 313   0
1054 313   0
1055 313   0
1057 314   0
1058 314   0
1059 314   0
1061 315   3
1062 315   0
1063 315   4
1065 316   0
1066 316   0
1067 316   0
1069 317   0
1070 317   0
1071 317   0
1073 320   0
1074 320   0
1075 320   0
1077 321   3
1078 321   0
1079 321   5
1081 322  20
1082 322   0
1083 322   0
1085 323   0
1086 323   0
1087 323   0
1089 324   0
1090 324   0
1091 324   0
1093 325   0
1094 325   0
1095 325   5
1097 326   0
1098 326   0
1099 326   0
1101 327   0
1102 327   0
1103 327   0
1105 330   0
1106 330   0
1107 330   0
1109 331   3
1110 331   0
1111 331  10
1113 332   0
1114 332   0
1115 332   0
1117 333   0
1118 333   0
1119 333   0
1121 334   0
1122 334   0
1123 334   0
1125 335   3
1126 335   0
1127 335   7
1129 336   0
1130 336   0
1131 336   0
1133 337   0
1134 337   0
1135 337   0
1137 340   0
1138 340   0
1139 340   0
1141 341   3
1142 341   0
1143 341  11
1145 342  23
1146 342   0
1147 342   0
1149 343   0
1150 343   0
1151 343   0
1153 344 230
1154 344   0
1155 344   0
1157 345  22
1158 345   0
1159 345   1
1161 346  40
1162 346   0
1163 346   0
1165 347   0
1166 347   0
1167 347   0
1169 350   0
1170 350   0
1171 350   0
1173 351  20
1174 351   0
1175 351   0
1177 352  67
1178 352   0
1179 352   0
1181 353 230
1182 353   0
1183 353   0
1185 354  10
1186 354   0
1187 354   0
1189 355  22
1190 355   0
1191 355   1
1193 356   0
1194 356 162
1195 356 153
1196   0 137
1197 357 163
1198 357 143
1199 357 162
1200   0 145
1201 360 145
1202 360 156
1203 360  56
1204   0 143
1205 361   0
1206 361  44
1207 361 141
1209 362  44
1210 362 144
1211 362   0
1212   0 163
1213 363 145
1214 363 164
1215 363 137
1216   0 154
1217 364 143
1218 364 144
1219 364 137
1220   0 151
1221 365 156
1222 365 146
1223 365 157
1225 366 137
1226 366 137
1227 366 141
1228   0 145
1229 367 141
1230 367 142
1231 367 151
1232   0 137
1233 370 165
1234 370 156
1235 370 167
1236   0 151
1237 371 156
1238 371 144
1239 371 137
1240   0 143
1241 372 160
1242 372 160
1243 372 137
1244   0 160
1245 373 162
1246 373  60
1247 373   0
1248   0 147
1249 374 145
1250 374 164
1251 374 137
1252   0 146
1253 375 142
1254 375 137
1255 375 163
1256   0 151
1257 376 172
1258 376 145
1259 376   0
1261 377   0
1262 377   0
1263 377   0
1265   0  52
1266   0   2
1269 260   0
1270 260   0
1271 260   0
1272 200   0
1273 264   0
1274   0  15
1277 260  10
1278 260   0
1279 260   0
1280 200   0
1281   0  52
1282 107   2
1283 103   0
1284 103   0
